1536
1536
1536
1536
1536
1536
1536
1536
1536
1536
1536
1536
1536
1536
1536
1536
1536
1536
1536
1536
1536
1536
1536
1536
1536
1536
1536
1536
1536
1536
1536
1536
1536
1536
1536
1536
1536
1536
1536
1536
1536
1536
1536
1536
1536
1536
1536
1536
1536
1536
1536
1536
1536
1536
1536
1536
1536
1536
1536
1536
1536
1536
1536
1536
1536
1536
1536
1536
1536
1536
1536
1536
1536
1536
1536
1536
1536
1536
1536
1536
1536
1536
1536
1536
1536
1536
1536
1536
1536
1536
1536
1536
1536
1536
1536
1536
1536
1536
1536
1536
1536
2304
1536
1536
1536
1536
2304
1536
2304
2304
1536
2304
2304
1536
1536
2304
1536
2304
2304
2304
2304
2304
2304
2304
2304
2304
2304
2304
2304
2304
2304
2304
2304
2304
2304
2304
2304
2304
2304
2304
2304
2304
2304
2304
2304
2304
2304
2304
2304
2304
2304
2304
2304
2304
2304
2304
2304
2304
2304
2304
2304
2304
2304
2304
2304
2304
2304
2304
2304
2304
2304
2304
2304
2304
2304
2304
2304
2304
2304
2304
2304
2304
2304
2304
2304
2304
2304
2304
2304
2304
2304
2304
2304
2304
2304
2304
2304
2304
2304
2304
2304
-1280
1280
2688
-256
-1792
768
1280
-1280
1792
2816
1792
1792
-1280
-4352
-1280
7424
768
-4864
-896
2688
-2304
4864
2816
-7424
6400
-2432
1664
768
-768
2176
-2432
4864
2176
3712
-4480
4224
2688
3712
6272
-896
1664
2688
5376
-5504
-4480
3200
14976
2176
8832
7296
8832
5760
10368
128
2688
3712
-3456
-4992
3712
1664
2688
8832
-3968
6784
-896
8832
2176
12928
-4992
3200
-2432
5248
-384
-4480
3712
2688
1664
128
8832
-1408
-896
-1920
-896
11392
1152
2176
-384
1152
-3968
128
-4480
10880
3712
2688
8832
6784
1920
-4480
-384
8064
10880
3712
7296
3200
-3968
-2432
10880
10368
2176
-640
-11392
-1728
-1920
-2688
4224
-2944
15488
-5504
13440
5504
16768
25728
20352
1408
-6336
6784
-6784
-960
-5056
-8320
-8320
-6528
-12928
-5760
-17024
11392
11648
26688
11648
31616
26432
21824
26752
-5760
-5504
-14528
-21888
-25024
-4480
13440
23936
11584
-11456
-26560
-23232
5184
29760
21568
3712
-25280
-16320
9088
24640
-4544
-23744
-704
28224
19008
-16576
-22720
19264
19776
-8384
-4032
29504
16704
-26304
-11968
25920
8768
-26560
-1472
-32448
7488
-26048
-2752
17472
1856
-13760
7232
28480
5952
-20672
-6336
17984
-4800
-22464
4160
27968
5952
-23232
-6848
21568
-704
-14784
10304
27712
-3520
-26048
-3008
20800
3904
-11200
12096
-31936
4160
-17856
-17344
27712
26688
-6336
-13504
1600
24640
15040
-8640
4160
-26048
2848
-15552
-10432
28224
25792
-17088
-12992
-704
16064
-6592
-17088
18112
24256
-2752
-21184
-15296
20672
22720
-24544
-20416
1952
21312
7360
-26304
12736
5184
17088
-19520
-7104
16032
-24896
6208
-3392
-2368
3392
-8640
4672
-2752
25120
13728
27808
28832
19136
30624
5792
-11744
-22624
-2880
-3552
10816
160
2080
5024
-28512
29984
-26336
16032
-10720
-17856
-11104
-1888
13600
-15328
17056
22304
11168
26144
29984
-21728
-26208
-8160
-1376
-30176
30752
12704
1568
-17376
-18784
18976
5408
-480
4384
23584
7456
31136
-19424
19744
-22624
800
-26336
-9184
-32480
31520
4128
-7904
4128
8480
14624
-2656
4640
-1632
-4704
-7776
-16480
11168
544
8800
-3808
-20192
-224
20000
-992
12320
5536
17312
12192
12704
8480
5152
12128
-9184
-6304
18976
9488
-16864
-15456
-30432
-6816
23072
29792
-12128
-736
22176
18848
-12896
-5984
25360
18912
8016
12896
2208
3232
-11808
9440
10912
5664
-23216
-19680
-13728
4192
22480
-25200
32
-31392
-19760
4880
12240
11152
12688
-15072
-9120
-8096
10784
1424
19920
23840
-7344
12176
6352
8976
-21232
9424
-30704
3408
-16688
-20256
-7536
23760
21520
1296
-4080
16272
-13040
2256
-13232
12752
7568
-1904
-18848
-12208
-29168
11728
13264
-5744
-8688
-25904
-9712
11216
9424
6032
15120
4688
720
-11440
-9520
-5360
-15280
6672
7696
4880
9936
14800
22416
10256
-3568
-10160
6864
-16112
25488
21776
4368
-3440
-2992
3472
17104
4688
-1904
-9264
-1904
2640
-1968
-2352
-2480
12048
9296
-4976
4112
12720
7120
13136
12048
-80
-7920
7056
4688
10640
-5232
-5488
16592
8592
3024
15152
6224
16048
1328
7400
496
-8368
-3312
-4560
8392
16976
-6968
6032
1968
744
12432
-6000
648
7920
-1776
-4624
15504
264
-10640
7816
-2392
11728
-5816
-2648
14768
336
5704
-8888
-6136
7720
-3568
-2424
-6008
-12376
17840
-16440
9448
808
1352
6824
-6584
5448
-1528
6664
9096
776
4392
-11256
-9912
11176
-2936
-1304
5768
-5496
-3320
1032
9832
-5016
2888
-7064
-9112
6504
-1144
11400
5672
2312
-5656
-4504
11208
-9496
-440
-408
-6360
16584
-2744
6760
6120
-7128
2472
9480
9960
-1784
7528
6952
-1784
10216
3208
-3064
-4760
-2232
-9000
5064
3368
12232
22280
10408
17352
-13496
-3384
4712
6600
27624
3688
-12888
-15800
-4840
-31657
9192
-14328
-472
17992
-15224
-21368
22792
28488
-1788
7224
14536
-31144
-25880
29336
7368
5492
28056
2936
6424
12936
-17016
-9452
-18040
-17064
23432
8792
29128
12856
-10860
19608
-18940
26548
14340
23400
15048
-1304
4104
-12600
4580
-30044
-13212
-14952
-13852
-29820
-23388
-11100
-12876
15268
-3164
25636
-6668
23108
-7116
29748
-8220
23588
-844
8116
5604
9796
13252
-12284
11316
-9964
11156
11012
10516
9880
4292
6948
-19084
-10732
-23340
-11388
-1244
-10892
32164
1044
18212
-4500
-7628
2052
-7244
14036
17988
21684
15780
-9036
11140
-23676
-8012
6148
-6172
-31980
2740
532
5860
-23260
14706
5732
12004
2852
3508
-1836
-23644
5348
516
5700
27076
9532
1924
5220
-22844
27444
12370
548
-4284
-980
-1356
-26116
-16156
14084
7250
-26396
-5228
-9260
4868
-4636
6308
1762
13932
10844
-16412
996
-20236
-7996
30252
6604
20588
16436
-28460
548
-6236
22692
21428
6188
14332
30554
-11420
-24028
-7854
-28598
-5894
29570
-15302
-13486
4364
-9166
19418
18722
-9598
4452
-28846
-13334
-4556
3794
-27814
4370
-3878
-7022
-9118
20978
1306
-3350
4258
-13726
98
-17654
-17662
-29311
2946
4482
-2790
-10502
22386
-1838
13594
10594
-17390
8458
-23534
-16198
23538
2498
15770
-4198
-9630
22034
2626
16650
26914
-3374
-2350
-26014
-14998
2034
-8686
-30030
-7046
-6198
3378
-7950
25114
10034
7202
10546
-14398
-13182
-25278
-14486
20226
4338
17850
-11414
-30978
8722
5682
25874
12658
-10686
-15370
-22310
2834
29562
-15262
32498
-11486
-15022
18854
-14238
-31978
12714
-7390
1746
24162
3610
4194
-20374
21281
-5030
-6710
-2718
-12062
4133
5033
4306
4674
-29426
-2894
-28038
-17310
-27162
6006
19053
12986
-1050
28722
8682
10149
16285
6957
1790
-25422
-4271
-12691
-6478
25716
-19471
1830
-12815
-5370
6406
-1262
12905
22925
-18895
-3131
-11707
333
29877
-19895
-5591
8605
-16927
16689
9617
13734
145
30189
-11983
-6011
-11943
26997
-20596
16865
-18599
-22015
18809
-6751
20861
13281
2393
-3847
-25631
-12167
-32459
-18199
6493
-10379
-22144
-13347
-7611
1933
29161
11453
-11711
22793
13889
5593
-491
29297
-16119
-25227
-19039
16595
-1119
-32079
-303
25777
-2535
-15087
1
-6215
23483
-16511
16785
30073
-887
17940
-4719
-9068
-18544
-22927
20238
-8567
24777
-2447
-8687
2225
-23347
22932
-2183
10263
20267
-20419
1273
462
-8703
-30432
14360
-12711
289
8401
-6767
1149
-2189
-2540
15896
7811
-15155
10135
5140
7472
-1676
-7290
-9223
17299
8179
-13356
-115
7467
-10109
-695
16385
-2407
-13903
1881
1095
9800
678
-10471
12580
1452
2651
-12071
152
8934
-8276
3746
-5290
-12904
14441
-14096
-388
-7424
5620
2907
-5480
-516
2328
6656
6844
3082
-7588
5528
1012
-8720
4924
-2464
6580
-7180
17533
6806
-2032
1306
-230
-14354
7484
10924
12144
6788
-994
868
-9784
-1100
-3856
-3808
1604
13277
12984
-1830
-7180
5584
-2612
11426
6558
-1350
-5376
17021
-9768
-15120
7868
5640
-9872
1590
8412
-1468
-2494
-2236
-8552
3796
748
7290
-649
-9768
-6568
9752
7546
-9768
2622
4182
-1898
1384
-2650
-4668
16764
-5666
1896
4976
9132
-13444
-4328
9785
-791
6037
-4031
-2348
-5986
9686
7061
332
3477
-4904
15752
-6072
5430
-3716
4138
6003
-4767
291
-1533
-1852
3460
1478
9132
123
6602
795
-1646
3492
8426
3140
3571
3300
2646
6546
2733
-3344
830
5479
7746
-320
-2967
-320
3977
-5228
1670
4930
7646
10814
-3148
-499
-4002
9507
6732
-1204
3812
3579
-2054
5082
-727
-994
2996
-1030
1242
6532
5574
1039
4972
2336
1978
1098
-13
7254
4972
5764
-5256
3067
290
1204
5888
9372
3713
-1236
4240
1157
1768
0
6532
5181
3627
-5780
-3444
7898
6758
5470
4225
7294
1652
499
-2181
2120
-1418
2675
108
2855
-6024
1362
2270
2952
-5186
3414
4870
2952
3846
9412
4117
6773
-1002
3422
4117
3378
-834
-5560
-2470
774
3159
6018
617
3964
3698
7690
4173
2301
5990
2788
-1509
-884
-1239
1362
-90
1789
-1590
9106
6884
1446
5578
5536
4139
3445
1225
2770
-410
-1724
2084
